    3.682167     7.872793     4.114865
    9.889046     7.311950     5.308497
    4.145829     5.795717     6.944210
    6.820506     8.250769     7.279818
    4.669418     6.994490     6.094143
    6.115464     5.156762     2.437406
    8.829854     7.649971     7.501623
    7.716323     5.911553     6.780494
   -3.116486     6.581904     2.731850
    3.398488     5.248927     5.485926
   -2.161753     2.721611     3.974194
    1.715908     3.338636     2.013141
   -2.938067     3.167475     4.918191
    6.226372     5.898198     3.226769
   10.404819     3.754991     4.003163
    7.753294     6.400175     6.659620
    4.675139     2.777341     3.069838
    5.880767     6.731693     7.566864
    9.723509     9.349625     6.309597
    7.135491     5.947098     7.494802
    9.665525     5.999463     4.052880
    8.511358     7.319468     6.675136
    5.672794     6.518825     5.596793
   -0.161898     7.222350     8.114484
    7.854956     4.820170     3.541905
   12.672641     8.436007    10.233557
    5.501504     5.926219     4.797139
    7.963146     6.536695     3.790271
   10.120927     5.210982     6.820571
    0.882852     4.661061     2.424299
    6.576730     7.619332     5.618688
    0.430227     1.970526     2.876173
   11.961471     9.235612     7.151114
   11.493328     5.982811     7.688167
    7.926709     5.734924     6.088210
    0.841811     7.256899     3.618756
    7.126154     2.790722     5.138389
    1.194335     6.645139     4.684499
   12.832263     5.603717     7.142147
    7.254776     6.020336     4.598816
   13.302490     9.635835     9.114551
    4.991775     3.505354     3.633734
    2.128263     3.209993     4.266269
   10.124679     7.386272     6.339519
    1.815681     4.834963     5.232547
    7.212482     3.140898     5.913195
    5.155212     6.596064     5.996038
   -2.706884     4.966266     5.532076
    6.417078     8.091454     3.848107
    3.039740     4.290098     5.136003
    5.027953     8.225633     5.452439
    4.290300     6.931321     7.592964
    7.029619     6.958328     5.720188
   11.830571     9.797247     4.853308
    4.821799     5.079098     5.910921
   -2.241636     4.250694     2.753313
    0.551081     2.971578     3.496023
    6.731448     9.631553     5.151539
    5.206308     4.235850     5.061044
    7.311421     4.288889     5.710624
    3.632511     1.924661     0.969505
    9.346280     6.008545     7.075269
    5.342323     6.611820     4.499533
    9.018034     8.919296     5.383352
    3.226136     3.062578     4.315447
   13.156415     7.037046     9.393226
   -2.184050     2.958588     1.491860
   10.354769     5.235050     5.683134
    8.317885     6.371837     4.330275
    5.933660     2.505479     1.225763
    3.760029     5.731107     4.630201
    3.626246     8.504129     7.066217
   11.656008     7.631313     7.452267
    6.542317     5.223700     6.851641
    9.615690     7.574517     4.154382
    5.343082     2.728280     4.007005
    5.372005     4.044533     3.627466
    7.052655     5.500207     7.170121
   11.350352     6.318332     5.037055
    7.124367     5.197815     4.679811
   11.983931     7.454036     8.146702
    6.180971     7.400285     7.658524
    1.028012     5.808929     4.993490
    7.523687     6.469511     4.010302
   10.532937     6.878696     7.533925
   -2.921587     4.425039     2.129343
    3.187051     6.485047     4.882964
    0.810679     4.087489     3.245770
    6.659903     4.126561     3.910101
   14.554908     8.571646     7.652971
    5.640257    10.817039     3.816076
    4.658348     3.419193     5.197797
    3.247595     2.209390     2.972788
    6.500124     7.678520     4.596461
    0.587623     6.376882     2.505120
    5.963015     9.981364     9.849182
   -0.313480     5.254362     4.964485
    4.514181     3.995276     6.485563
    8.614300     7.102642     7.052464
    5.822251     2.679207     3.436302
    4.910073     4.392715     4.202753
   15.070428     6.637734     7.593472
    8.544083     9.502715     7.436588
   -0.104374     5.023580     3.118562
    2.023724     4.844375     3.820318
    8.943211     7.494246     6.270532
    8.769144     5.309150     3.391434
    5.314373     3.891393     1.050116
    3.268308     4.674391     1.430330
   10.604166     4.783255     2.443393
    4.312169     1.689449     4.431476
    7.025368     7.391194     5.994941
    0.122876     6.749356     6.596101
   -4.822974     5.344781     4.876687
    7.320617     3.097489     3.425088
   12.984710     6.724614     7.339169
    6.998863     4.249895     1.842185
    5.497219     7.768832     5.247387
   10.437939     8.019832     6.644896
    5.952366     5.710865     3.197043
   -0.667962     5.621895     4.448002
    7.227076     6.365105     7.402718
    1.704918     1.155544     0.914675
    9.227226     5.370913     6.746138
    2.144791     5.114116     3.624094
   -1.793569     4.012796     7.384673
    9.050204     6.304687     7.292392
    5.579319     3.731023     5.210996
    6.994571     5.454070     7.282806
    3.558712     4.239528     3.188413
    4.082767     4.622547     5.609931
   -2.078349     5.364223     3.532419
   14.217386     8.839265     7.230336
   13.055255     7.386719     6.062689
    4.795570     1.671362     0.531823
    4.134501     2.312367     4.054694
    8.944625     6.285791     3.762328
   -4.185490     4.778078     2.434700
    5.760522     9.043144     6.403800
    4.154669     5.315823     4.828027
   11.678565     7.939798     5.927552
    3.449989     5.088131     6.124584
    9.870918     7.040348     9.654239
    5.962204     3.590557     4.850736
    9.420658     7.459686     8.708528
   -1.749034     2.514392     1.553903
    2.903933     1.705382     1.920119
   -3.842312     4.338005     0.508819
    3.119413     3.836257     5.982255
    4.125658     3.118743     3.978627
    4.914268     5.768839     6.754174
    7.586647     3.030753     5.318223
    4.895629     5.978277     3.995679
   -1.212593     2.054738     3.112407
    8.477796     6.721044     8.334567
    1.785026     5.483479     3.266821
   -6.782968     3.819449     3.294303
    5.873393     7.063225     4.146827
    5.715094     7.058407     6.861982
    2.173383     5.425103     5.671385
   -0.323186     5.972063     3.906564
   12.328454     6.825980     5.076217
   -1.833745     2.213357     2.141687
    6.977990     2.812072     6.731566
    8.483214     5.301436     4.096268
    3.610281     3.870738     1.350951
    7.397567     4.693970     6.174370
    3.018857     4.687464     6.403442
   -0.771343     3.750833     6.633381
    1.712515     3.764626     4.441466
    8.947636     7.869091     9.002763
    5.840452     4.403408     5.304806
    4.450708     4.774608     4.393542
    2.839520     3.212672     5.040853
    3.245110     3.872419     6.854207
    0.579698     5.415307     4.538395
    0.824180     6.489363     4.605964
   14.557690     9.267010     5.908754
    8.745929     8.365275     2.104468
    4.875869     5.573281     2.603767
    2.711139     8.406314     3.944199
   11.763968     8.233267     5.528166
    3.644431     5.055623     3.848638
    4.852742     4.411078     3.229538
    6.347287     7.732456     6.032992
    5.328595     7.641927     7.486145
    1.151124     3.955281     1.659418
    5.477725     7.641195     5.639100
    4.077510     3.585536     4.164270
   11.963596     5.425297     5.567840
    4.654500     6.116127     5.214054
    2.143818     6.424758     5.428842
    1.679525     3.275104     3.509438
    7.490491     6.861225     5.025492
   14.791228     4.408074     4.844377
    3.903697     4.962353     8.308088
    2.974521     3.875020     3.956547
    7.854213     7.758959     5.227028
   10.919016     7.337656     7.356817
   -6.105730     2.938754     3.630925
